-0.013247
-0.028694
0.011244
-0.055530
-0.013616
-0.032539
-0.005074
-0.001512
0.001560
0.020311
-0.008705
-0.032116
-0.053338
0.028329
-0.008088
-0.001724
-0.028605
0.029747
-0.016266
0.021380
0.037028
0.017714
-0.013918
-0.002670
-0.001806
0.030719
-0.009209
-0.035186
0.000718
-0.049019
-0.006793
0.004892
0.009412
-0.013142
-0.002882
-0.005777
0.013896
-0.011505
-0.019751
-0.031032
0.018015
-0.013775
-0.022320
0.010253
0.004029
-0.021381
-0.003651
0.002649
0.013692
-0.008971
-0.025248
-0.020681
0.003224
-0.038286
-0.027945
0.017690
0.003478
0.017187
-0.013287
-0.040169
-0.020824
0.013734
0.008586
-0.014261
-0.008628
0.013653
-0.037193
-0.005016
-0.025320
-0.010101
-0.008842
-0.036103
-0.019923
-0.023899
-0.005529
0.024695
-0.008080
0.021391
0.007041
-0.028488
-0.014722
0.017078
0.012288
0.024620
0.030126
-0.020507
0.035732
-0.035030
0.008497
0.056022
-0.015314
-0.028692
-0.035486
0.065978
-0.033804
0.077917
-0.026498
-0.030075
0.013321
-0.064404
-0.005414
-0.022812
-0.038675
-0.006616
-0.016031
0.037086
-0.004097
-0.003507
-0.015032
-0.028694
-0.005439
-0.000416
0.032836
-0.000531
-0.017303
-0.016014
-0.041136
-0.016360
0.005771
-0.024542
-0.006478
0.011436
0.001068
0.005057
-0.011100
-0.053273
-0.060087
-0.004409
0.016841
-0.020546
0.005323
0.000356
-0.002414
-0.004601
0.043801
0.004451
0.000436
-0.024209
0.034143
-0.024282
-0.008710
-0.009732
-0.015964
-0.000652
-0.007351
-0.009638
-0.028896
0.019481
-0.035114
-0.044781
0.016168
0.054419
-0.010930
-0.012362
-0.048665
-0.007782
-0.037930
0.041791
-0.013172
-0.022822
-0.044262
-0.042585
-0.004772
-0.005275
0.044820
-0.011764
0.001941
-0.067812
0.007053
-0.011606
-0.046678
-0.014671
-0.024774
0.001939
0.040257
-0.021533
-0.038324
0.003227
-0.014379
-0.070856
0.032512
-0.005101
0.064047
-0.022817
0.044035
-0.060459
-0.010346
0.009496
-0.011291
-0.013137
0.022020
-0.043227
0.016368
-0.032667
0.007019
-0.033757
-0.009356
-0.017118
-0.031674
-0.041759
-0.023409
0.008403
0.017341
-0.023588
0.084733
0.027579
-0.018604
-0.013213
0.011734
-0.024950
-0.041963
0.022014
-0.019739
-0.027321
-0.030715
-0.001488
-0.013876
-0.010640
-0.082611
-0.008158
-0.005962
-0.014016
0.007033
-0.040629
-0.025399
-0.012042
-0.055110
0.002296
0.002939
0.004507
-0.028001
-0.025197
0.005198
-0.012715
0.034823
-0.019472
0.005270
0.011578
-0.040959
-0.082030
-0.004950
-0.061233
-0.018294
-0.010174
-0.081613
-0.026087
-0.012689
-0.008742
-0.008484
0.013045
-0.015773
0.003425
0.005061
0.000113
-0.001939
-0.030420
0.003453
0.003578
-0.005518
-0.041809
-0.039297
-0.070123
0.028020
-0.007153
-0.005226
-0.059037
0.034731
0.010837
0.012488
0.001697
0.064802
-0.004452
-0.030549
-0.011956
0.008140
-0.004190
-0.001995
0.030071
0.029096
-0.001364
-0.016235
0.025073
-0.000583
-0.022838
0.053231
0.054829
-0.014477
-0.014518
-0.019120
-0.002886
0.008551
0.052871
-0.013390
0.000090
0.022632
-0.033606
-0.055063
0.042870
-0.009253
-0.009842
-0.013627
0.011144
-0.012610
-0.033504
-0.036770
-0.032171
0.052731
0.065058
-0.028677
0.018444
0.049586
-0.051827
-0.002994
-0.007030
0.030379
0.013308
0.036040
0.006166
0.004358
-0.017417
-0.018802
-0.025502
-0.013335
0.028984
-0.004122
0.014726
-0.038278
0.003387
-0.008232
0.037088
-0.009283
0.003999
-0.006135
-0.016342
-0.020380
-0.025482
-0.025504
0.007864
0.001074
0.019640
-0.006082
0.035354
0.003506
0.003226
0.022484
0.015509
0.024557
0.011162
-0.033768
-0.036179
0.051291
0.008159
0.000896
-0.043883
-0.013014
0.004360
0.017324
0.010940
-0.007232
-0.027664
-0.039444
0.033722
-0.011229
0.007535
-0.024423
0.025088
0.017072
-0.000181
-0.057573
-0.002540
-0.002623
0.017578
-0.031307
-0.081389
-0.003834
-0.008244
-0.090910
0.004893
0.004599
-0.016554
-0.014909
-0.018011
-0.065413
0.000621
-0.039898
-0.001715
0.015180
-0.001188
-0.005451
-0.005921
-0.048983
0.032492
0.001871
-0.024272
0.027759
-0.017416
0.002186
-0.030705
-0.021207
-0.039649
-0.001632
-0.017071
-0.017622
-0.044709
0.028758
0.010985
0.016011
-0.009407
0.015400
0.060005
0.009326
-0.013123
-0.021972
0.008747
-0.002659
0.008338
0.014109
0.014889
-0.027572
0.090300
0.011751
0.012176
0.001928
-0.003676
-0.049695
-0.007747
0.048054
0.022489
0.028899
-0.022109
-0.020060
-0.013595
0.004551
0.006871
0.009016
-0.028266
0.005556
-0.025755
0.020766
0.008515
-0.056116
-0.032858
-0.024442
0.021078
-0.069705
0.000150
0.022594
0.006356
0.040709
0.048079
-0.048495
-0.023688
-0.048396
-0.005194
-0.041700
0.041470
-0.001085
-0.002077
-0.018031
-0.003367
-0.042526
0.015492
-0.013103
0.003629
0.005641
-0.029987
0.005581
0.002403
-0.045473
-0.018865
-0.034749
0.015996
-0.001367
0.004457
0.028442
-0.009658
0.023274
0.002763
0.012151
0.010555
-0.022172
0.078405
0.027022
0.014768
-0.003185
0.076594
0.039538
-0.010973
-0.007663
-0.027694
0.003457
0.013025
0.006632
0.005019
-0.023246
-0.043778
-0.037517
-0.010821
0.038882
-0.026119
-0.006055
-0.022979
-0.030614
-0.063700
-0.002021
0.029878
0.016916
-0.020542
-0.000643
-0.010288
-0.035899
-0.035182
-0.025026
-0.039048
-0.034988
-0.009501
-0.007969
0.024185
-0.023054
-0.012275
0.019534
-0.056491
0.001415
-0.011591
-0.042748
-0.002225
-0.031398
-0.000626
-0.007075
-0.043263
0.014292
-0.018348
-0.002507
0.003820
-0.015289
-0.014918
0.000948
-0.054368
-0.005820
0.000597
-0.014022
-0.034332
-0.012371
0.012226
-0.009093
0.022068
0.033089
0.001777
-0.012894
-0.054716
-0.033074
-0.024936
0.036595
-0.030270
-0.003781
-0.009295
-0.025972
0.023538
-0.024622
0.054414
-0.015295
0.002180
-0.032625
-0.037939
-0.000487
-0.010884
-0.018436
-0.021231
-0.002076
0.014926
-0.051464
-0.030641
-0.008560
0.060670
-0.058803
0.044281
-0.004604
-0.015987
-0.000957
0.023646
-0.015509
0.028852
-0.014466
-0.014242
-0.012419
-0.010510
-0.019644
-0.043183
-0.062761
0.009963
0.001092
0.056238
0.013018
0.000271
-0.030870
-0.043061
0.043080
0.012609
0.055143
-0.011581
-0.045971
-0.018643
0.019425
-0.035050
-0.013313
-0.016971
-0.002808
0.065730
0.003014
-0.016934
-0.024886
-0.025430
-0.026445
-0.010370
-0.053577
0.012226
-0.000558
-0.058647
-0.009415
0.011062
-0.007023
-0.051993
-0.028955
-0.011068
0.000395
-0.072757
-0.036903
-0.025905
-0.027051
-0.023352
-0.027635
0.006171
-0.005482
-0.033549
-0.063562
0.014240
0.004682
0.027788
-0.045304
0.007389
-0.028368
0.019263
-0.004153
0.002897
0.002600
0.030762
-0.015876
0.004872
-0.037063
0.024826
0.001106
0.025400
0.038526
0.009812
-0.049956
-0.003131
0.029684
-0.014634
0.031810
-0.035143
0.006045
0.009923
0.043524
0.014489
-0.040877
0.009728
0.028313
-0.042719
-0.034483
-0.005849
-0.042746
-0.038806
0.035966
0.007513
-0.003954
0.019465
-0.001204
-0.009506
0.004714
-0.044889
-0.067584
-0.010871
-0.033905
-0.040578
0.007546
-0.026610
-0.005961
-0.003880
-0.029942
-0.015718
-0.006523
0.026402
-0.011083
-0.005662
-0.023061
-0.038433
-0.007393
-0.023031
-0.011709
-0.012813
-0.031574
0.010007
-0.011351
-0.029177
-0.015730
-0.031558
-0.038275
0.019154
-0.037868
0.067188
-0.011785
0.000538
-0.006859
-0.029057
0.004835
-0.003208
0.009741
-0.005991
0.036781
-0.014069
0.013982
-0.029049
-0.016423
-0.053112
-0.002544
-0.003276
-0.032318
-0.019167
-0.012864
-0.005771
0.037878
0.035922
0.028944
-0.022338
-0.034907
-0.005426
0.003160
-0.005626
-0.013397
0.000855
-0.008484
0.008144
-0.064578
-0.006755
-0.020398
-0.010235
-0.030505
-0.028658
0.034912
0.007536
-0.012279
-0.021928
-0.010548
0.001613
-0.001444
0.013009
-0.004726
0.008578
0.054817
-0.004775
-0.008016
0.011631
-0.026934
-0.009688
-0.028493
-0.007103
-0.027946
-0.019707
0.013135
-0.025217
-0.044402
0.058453
-0.016579
-0.033174
0.006488
-0.006598
-0.015367
-0.033859
-0.005574
-0.023635
-0.010655
-0.032629
0.026752
0.060663
0.031052
0.032158
0.029848
0.040857
-0.013112
0.037098
-0.027447
-0.026897
-0.037185
0.028262
0.020719
-0.013049
0.001241
-0.008779
-0.010366
-0.006436
-0.019144
0.009340
-0.000196
-0.041550
-0.021434
0.010538
-0.010369
-0.033147
0.013661
-0.023650
-0.019902
0.044543
-0.026531
0.084315
-0.015216
-0.029242
-0.012362
-0.002540
-0.017642
-0.009267
-0.006484
0.041822
-0.029348
-0.027582
-0.028801
0.001791
-0.025786
-0.066710
-0.036066
0.037250
-0.001120
-0.000756
-0.028382
-0.008330
-0.027950
0.008191
0.003525
-0.038867
-0.097915
0.002430
-0.013610
-0.018809
0.014655
-0.032529
-0.036898
-0.015880
-0.027938
-0.021900
-0.048797
-0.015186
-0.044982
-0.032313
-0.047131
-0.014962
-0.043705
0.033299
-0.029740
-0.019807
-0.022220
0.007373
0.046216
0.006784
0.021311
-0.059071
-0.022865
-0.005089
-0.039215
0.000490
-0.057464
0.017058
-0.087734
-0.017987
-0.031607
0.022689
-0.050543
0.007560
-0.016988
-0.019693
0.037081
-0.002742
-0.019308
0.002953
-0.053112
-0.000055
0.014618
0.004113
0.006006
-0.003849
-0.001442
-0.013344
-0.019877
-0.026198
-0.009989
-0.011484
0.033369
-0.008224
-0.005324
-0.003161
-0.065834
0.026029
0.007647
-0.027795
0.048433
-0.021262
0.022172
-0.000376
-0.024929
-0.024180
0.015838
0.003027
-0.018320
-0.032554
-0.007273
-0.022903
0.031670
-0.066082
0.015617
-0.003842
-0.010101
-0.008629
-0.010273
-0.022836
-0.025709
-0.011483
-0.022796
-0.017909
0.004141
-0.026092
0.007205
-0.019842
0.011659
0.046611
0.007781
-0.020936
-0.037710
-0.015150
0.004462
-0.067866
-0.015417
-0.007905
-0.007303
0.023648
0.013955
0.002839
-0.009281
0.012486
0.030900
-0.043061
0.003873
-0.014888
-0.053746
-0.014316
-0.016578
-0.019842
-0.028018
0.011659
0.015648
-0.002534
-0.035540
-0.010900
-0.001138
0.007630
0.033743
-0.028903
-0.002339
-0.027725
-0.023358
-0.016777
-0.017424
0.018337
-0.017888
-0.011654
0.003285
-0.008428
-0.013936
0.020510
-0.020728
-0.048426
-0.012022
0.009479
-0.019885
-0.010920
-0.040324
-0.033618
0.032764
-0.048468
-0.010332
0.000621
-0.002338
0.073214
-0.024519
-0.023709
0.036962
-0.032720
-0.028084
-0.003673
0.026679
0.037061
0.029084
-0.047458
-0.006757
-0.041465
-0.050222
0.000041
-0.007434
-0.037835
0.000114
-0.030999
0.005145
-0.006622
0.029347
0.005070
0.008287
-0.017348
0.012385
-0.001323
0.008876
-0.019365
-0.020849
0.055627
-0.065852
-0.066249
-0.023509
-0.008197
