0.067804
-0.056705
0.022336
-0.038192
-0.047894
-0.000357
0.030277
0.013618
-0.061869
0.030868
0.042347
0.050965
-0.036716
-0.060745
0.032897
0.024341
0.014295
-0.061449
0.019984
-0.011228
-0.017775
-0.036589
-0.021117
0.026362
-0.063373
-0.045945
0.086187
-0.018869
0.006144
-0.047903
-0.039414
0.076985
-0.045363
0.090563
0.059213
-0.021522
0.082532
-0.026544
0.061141
0.058956
-0.039228
-0.039614
0.017533
-0.039176
-0.006248
-0.017036
0.053900
0.074443
0.007321
0.073798
0.050820
0.075624
0.004219
-0.037035
-0.042577
0.026624
-0.022967
0.077996
-0.051290
-0.003724
-0.032869
0.055987
0.021237
0.005732
-0.041210
-0.024896
-0.060625
0.071729
0.022239
0.060138
0.004300
0.041372
-0.037621
0.013892
0.086410
0.042295
0.043934
0.013120
-0.058271
0.074459
-0.022357
0.014194
0.056636
0.035010
-0.023366
-0.007632
0.011718
0.065062
0.018037
-0.050592
-0.060219
-0.014811
0.030227
0.001119
-0.005796
-0.060453
0.082746
0.009154
0.040321
0.020455
0.052732
-0.016858
0.032504
-0.037731
0.030780
-0.016714
-0.007694
-0.014850
0.025353
0.044005
-0.070605
-0.048711
0.081382
-0.041017
0.070697
0.027675
-0.017677
-0.039013
0.043371
-0.046690
-0.025746
-0.043962
0.066353
-0.020290
0.062358
-0.044575
0.054989
0.051639
-0.063007
0.012912
0.086388
-0.036412
-0.019195
0.056461
-0.044868
-0.038117
-0.077350
-0.035929
0.009093
0.012746
-0.030571
-0.050350
0.011208
-0.019003
0.001144
0.025136
-0.099460
-0.003668
-0.016370
-0.028546
0.053938
0.004212
-0.016496
-0.076015
0.042397
-0.073928
0.100442
-0.033463
-0.019329
-0.021124
0.018543
-0.000097
-0.042966
0.019861
0.027725
0.070726
0.066122
-0.009571
-0.005120
-0.018404
0.054664
-0.044694
-0.034735
-0.006922
-0.040780
-0.017796
-0.063829
0.062665
0.047986
-0.026735
-0.035885
0.006177
0.017478
-0.048006
-0.014566
0.034484
0.006391
0.048505
0.084488
-0.047211
-0.021643
-0.056971
-0.001108
0.006849
0.056638
-0.001489
-0.029290
-0.063980
-0.037013
0.018262
0.083763
-0.064509
-0.074598
0.006222
0.011405
-0.049469
0.069979
-0.055245
0.005395
0.006556
0.047145
-0.068845
-0.079320
0.099427
-0.018887
0.023621
-0.035451
-0.026445
0.084894
0.043792
0.080967
0.102414
-0.088943
0.052565
-0.025456
-0.031809
-0.056489
0.030685
-0.029716
0.046675
-0.032851
-0.017969
0.008252
-0.026429
0.061405
-0.038125
-0.016377
-0.060768
-0.031364
0.037017
0.069226
0.037744
-0.014749
0.012117
0.027688
-0.015006
0.060410
-0.003586
0.026439
-0.024361
-0.012092
-0.021701
0.067742
0.060670
-0.049387
-0.056429
-0.038835
-0.040619
0.037075
0.003714
0.082033
0.038003
0.074175
-0.033546
0.012562
-0.028668
0.103637
0.016581
0.077637
0.042624
-0.037358
-0.036398
0.086152
0.023090
0.077269
0.001981
0.016858
0.002969
0.048332
-0.059251
-0.002401
0.040830
0.014454
0.009038
-0.033803
-0.023857
0.021661
0.069957
0.099672
0.058073
-0.025399
-0.007007
0.033473
0.015137
-0.044085
0.006096
-0.067860
-0.017596
-0.050125
-0.005304
0.046627
0.027799
-0.020840
-0.012758
0.035219
-0.015887
-0.104104
-0.029728
-0.000411
0.022126
0.007975
-0.062364
-0.014794
-0.034849
0.082284
0.058035
-0.024327
0.012029
-0.047967
-0.045983
-0.034313
0.074115
0.002571
-0.045164
0.039121
0.000560
-0.031616
0.029102
0.089501
-0.000882
-0.010582
-0.036548
0.001989
-0.072134
-0.037560
-0.074537
0.009996
-0.065703
0.055203
-0.016753
-0.062335
-0.004332
-0.000107
-0.062662
0.091790
-0.029467
-0.061748
-0.015985
-0.033890
-0.046014
-0.044747
-0.017613
-0.030578
-0.043179
0.025512
-0.007852
0.032062
-0.002093
0.065581
-0.060213
0.006251
-0.007212
-0.030683
0.064459
0.055672
-0.045226
-0.019734
-0.037360
0.071726
0.090118
-0.063128
-0.044942
0.015356
0.067599
-0.058771
0.014316
-0.008204
-0.025842
0.023104
-0.029649
0.024648
0.034554
0.058547
0.034378
0.013863
-0.019080
0.030753
-0.029938
0.002737
0.061834
-0.007103
0.027539
-0.010886
0.026909
-0.007262
-0.050454
0.090026
-0.054033
-0.019250
-0.011969
0.089696
-0.049505
-0.043595
-0.058850
-0.024531
-0.000221
0.027444
-0.006701
0.022125
-0.014214
0.009813
-0.018340
-0.029194
-0.030181
0.050444
0.093255
-0.010371
0.069516
0.073931
-0.028236
-0.036764
0.044963
0.055042
-0.013513
0.038089
-0.035478
-0.031985
-0.021277
-0.015253
-0.032523
-0.021885
-0.038898
-0.064366
-0.025819
0.026039
-0.016230
-0.044144
0.031284
-0.042258
0.017573
0.100233
0.019398
0.100918
-0.011212
0.024143
0.003014
-0.027418
0.071789
-0.048914
0.052180
0.028710
-0.049751
0.039242
0.081319
-0.016826
-0.018774
-0.037717
-0.019374
-0.021561
-0.039070
0.033458
-0.041527
-0.009856
-0.059754
0.033378
-0.026234
-0.003136
-0.033497
-0.046820
-0.026825
0.034932
0.052623
-0.008721
0.038738
-0.036710
-0.003924
-0.039673
-0.033445
-0.025381
0.064464
0.027409
-0.036321
-0.022307
-0.056957
0.015501
-0.041769
-0.020257
0.020589
0.101292
-0.051151
0.053426
0.047743
-0.018313
-0.041700
0.091330
-0.041433
-0.016265
-0.000580
-0.009007
-0.010509
0.055308
-0.042262
-0.015224
0.002508
-0.032575
-0.014697
-0.027200
0.060841
0.007698
-0.028745
-0.065976
0.032673
