[{
		"type":	"ObjFunction",
		"name":	null,
		"arity":	0,
		"upvalueCount":	0,
		"chunk":	{
			"count":	540,
			"capacity":	1024,
			"code":	[27, 0, 0, 0, 26, 0, 17, 27, 0, 0, 1, 26, 0, 17, 19, 0, 0, 3, 18, 0, 0, 2, 0, 0, 0, 5, 18, 0, 0, 4, 0, 0, 0, 7, 18, 0, 0, 6, 19, 0, 0, 8, 19, 0, 0, 10, 19, 0, 0, 11, 0, 0, 0, 12, 35, 0, 0, 9, 3, 17, 0, 0, 0, 14, 0, 0, 0, 15, 0, 0, 0, 16, 0, 0, 0, 17, 0, 0, 0, 18, 0, 0, 0, 19, 0, 0, 0, 20, 39, 7, 18, 0, 0, 13, 0, 0, 0, 22, 18, 0, 0, 21, 19, 0, 0, 24, 0, 0, 0, 25, 41, 35, 0, 0, 26, 0, 18, 0, 0, 23, 19, 0, 0, 28, 35, 0, 0, 29, 0, 18, 0, 0, 27, 19, 0, 0, 31, 0, 0, 0, 32, 5, 18, 0, 0, 30, 19, 0, 0, 34, 0, 0, 0, 35, 5, 18, 0, 0, 33, 0, 0, 0, 37, 18, 0, 0, 36, 19, 0, 0, 39, 32, 0, 0, 40, 0, 0, 0, 41, 6, 18, 0, 0, 38, 19, 0, 0, 43, 18, 0, 0, 42, 0, 0, 0, 45, 18, 0, 0, 44, 19, 0, 0, 47, 19, 0, 0, 48, 6, 18, 0, 0, 46, 19, 0, 0, 50, 0, 0, 0, 51, 6, 19, 0, 0, 52, 19, 0, 0, 54, 0, 0, 0, 55, 6, 35, 0, 0, 53, 1, 6, 18, 0, 0, 49, 0, 0, 0, 57, 18, 0, 0, 56, 0, 0, 0, 59, 18, 0, 0, 58, 0, 0, 0, 61, 18, 0, 0, 60, 9, 18, 0, 0, 62, 19, 0, 0, 64, 19, 0, 0, 65, 35, 0, 0, 66, 0, 50, 18, 0, 0, 63, 19, 0, 0, 68, 19, 0, 0, 69, 5, 18, 0, 0, 67, 19, 0, 0, 71, 19, 0, 0, 72, 5, 18, 0, 0, 70, 19, 0, 0, 74, 0, 0, 0, 75, 41, 35, 0, 0, 76, 0, 19, 0, 0, 77, 5, 18, 0, 0, 73, 27, 0, 0, 79, 42, 18, 0, 0, 78, 27, 0, 0, 81, 42, 18, 0, 0, 80, 19, 0, 0, 83, 0, 0, 0, 84, 0, 0, 0, 85, 0, 0, 0, 86, 26, 3, 18, 0, 0, 82, 19, 0, 0, 88, 0, 0, 0, 89, 0, 0, 0, 90, 0, 0, 0, 91, 26, 3, 18, 0, 0, 87, 19, 0, 0, 93, 0, 0, 0, 94, 0, 0, 0, 95, 0, 0, 0, 96, 26, 3, 18, 0, 0, 92, 27, 0, 0, 98, 42, 18, 0, 0, 97, 27, 0, 0, 100, 42, 18, 0, 0, 99, 27, 0, 0, 102, 42, 18, 0, 0, 101, 9, 18, 0, 0, 103, 9, 18, 0, 0, 104, 9, 18, 0, 0, 105, 9, 18, 0, 0, 106, 9, 18, 0, 0, 107, 9, 18, 0, 0, 108, 27, 0, 0, 110, 42, 18, 0, 0, 109, 0, 0, 0, 112, 18, 0, 0, 111, 0, 0, 0, 114, 19, 0, 0, 115, 6, 18, 0, 0, 113, 19, 0, 0, 117, 26, 0, 18, 0, 0, 116, 27, 0, 0, 119, 42, 18, 0, 0, 118, 19, 0, 0, 120, 26, 0, 17, 7, 1],
			"lines":	[10, 10, 10, 10, 10, 10, 10, 3, 3, 3, 3, 3, 3, 3, 5, 5, 5, 5, 5, 5, 5, 5, 7, 7, 7, 7, 7, 7, 7, 7, 8, 8, 8, 8, 8, 8, 8, 8, 9, 9, 9, 9, 9, 9, 9, 9, 9, 9, 9, 9, 9, 9, 9, 9, 9, 9, 9, 9, 9, 9, 12, 12, 12, 12, 13, 13, 13, 13, 14, 14, 14, 14, 15, 15, 15, 15, 16, 16, 16, 16, 17, 17, 17, 17, 18, 18, 18, 18, 19, 19, 19, 19, 19, 19, 20, 20, 20, 20, 20, 20, 20, 20, 21, 21, 21, 21, 21, 21, 21, 21, 21, 21, 21, 21, 21, 21, 21, 21, 21, 21, 22, 22, 22, 22, 22, 22, 22, 22, 22, 22, 22, 22, 22, 24, 24, 24, 24, 24, 24, 24, 24, 24, 24, 24, 24, 24, 25, 25, 25, 25, 25, 25, 25, 25, 25, 25, 25, 25, 25, 26, 26, 26, 26, 26, 26, 26, 26, 27, 27, 27, 27, 27, 27, 27, 27, 27, 27, 27, 27, 27, 27, 27, 27, 27, 28, 28, 28, 28, 28, 28, 28, 28, 29, 29, 29, 29, 29, 29, 29, 29, 30, 30, 30, 30, 30, 30, 30, 30, 30, 30, 30, 30, 30, 31, 31, 31, 31, 31, 31, 31, 31, 31, 31, 31, 31, 31, 31, 31, 31, 31, 31, 31, 31, 31, 31, 31, 31, 31, 31, 31, 31, 31, 31, 31, 31, 32, 32, 32, 32, 32, 32, 32, 32, 33, 33, 33, 33, 33, 33, 33, 33, 34, 34, 34, 34, 34, 34, 34, 34, 36, 36, 36, 36, 36, 37, 37, 37, 37, 37, 37, 37, 37, 37, 37, 37, 37, 37, 37, 37, 37, 37, 37, 38, 38, 38, 38, 38, 38, 38, 38, 38, 38, 38, 38, 38, 39, 39, 39, 39, 39, 39, 39, 39, 39, 39, 39, 39, 39, 40, 40, 40, 40, 40, 40, 40, 40, 40, 40, 40, 40, 40, 40, 40, 40, 40, 40, 40, 40, 40, 40, 40, 44, 44, 44, 44, 44, 44, 44, 44, 44, 48, 48, 48, 48, 48, 48, 48, 48, 48, 50, 50, 50, 50, 50, 50, 50, 50, 50, 50, 50, 50, 50, 50, 50, 50, 50, 50, 50, 50, 50, 50, 51, 51, 51, 51, 51, 51, 51, 51, 51, 51, 51, 51, 51, 51, 51, 51, 51, 51, 51, 51, 51, 51, 52, 52, 52, 52, 52, 52, 52, 52, 52, 52, 52, 52, 52, 52, 52, 52, 52, 52, 52, 52, 52, 52, 77, 77, 77, 77, 77, 77, 77, 77, 77, 85, 85, 85, 85, 85, 85, 85, 85, 85, 105, 105, 105, 105, 105, 105, 105, 105, 105, 108, 108, 108, 108, 108, 109, 109, 109, 109, 109, 110, 110, 110, 110, 110, 111, 111, 111, 111, 111, 112, 112, 112, 112, 112, 113, 113, 113, 113, 113, 229, 229, 229, 229, 229, 229, 229, 229, 229, 231, 231, 231, 231, 231, 231, 231, 231, 232, 232, 232, 232, 232, 232, 232, 232, 232, 232, 232, 232, 232, 234, 234, 234, 234, 234, 234, 234, 234, 234, 234, 248, 248, 248, 248, 248, 248, 248, 248, 248, 251, 251, 251, 251, 251, 251, 251, 252, 252],
			"constants":	[{
					"type":	"ObjFunction",
					"name":	{
						"chars":	"Math"
					},
					"arity":	0,
					"upvalueCount":	0,
					"chunk":	{
						"count":	55,
						"capacity":	64,
						"code":	[31, 0, 0, 0, 18, 0, 0, 0, 19, 0, 0, 1, 0, 0, 0, 3, 45, 0, 0, 2, 0, 0, 0, 5, 45, 0, 0, 4, 0, 0, 0, 7, 45, 0, 0, 6, 0, 0, 0, 9, 45, 0, 0, 8, 0, 0, 0, 11, 45, 0, 0, 10, 17, 7, 1],
						"lines":	[3, 3, 3, 3, 3, 3, 3, 3, 3, 3, 3, 3, 4, 4, 4, 4, 4, 4, 4, 4, 5, 5, 5, 5, 5, 5, 5, 5, 6, 6, 6, 6, 6, 6, 6, 6, 7, 7, 7, 7, 7, 7, 7, 7, 8, 8, 8, 8, 8, 8, 8, 8, 9, 10, 10],
						"constants":	[{
								"chars":	"Math"
							}, {
								"chars":	"Math"
							}, {
								"chars":	"PI"
							}, 3.1415926535897931, {
								"chars":	"E"
							}, 2.7182818284590451, {
								"chars":	"TAU"
							}, 6.2831853071795862, {
								"chars":	"toRad"
							}, 0.0174532925199433, {
								"chars":	"toDeg"
							}, 57.295779513082323]
					}
				}, {
					"type":	"ObjFunction",
					"name":	{
						"chars":	"Window"
					},
					"arity":	0,
					"upvalueCount":	0,
					"chunk":	{
						"count":	23,
						"capacity":	32,
						"code":	[31, 0, 0, 0, 18, 0, 0, 0, 19, 0, 0, 1, 27, 0, 0, 3, 34, 0, 0, 2, 17, 7, 1],
						"lines":	[1, 1, 1, 1, 1, 1, 1, 1, 1, 1, 1, 1, 2, 2, 2, 2, 2, 2, 2, 2, 3, 3, 3],
						"constants":	[{
								"chars":	"Window"
							}, {
								"chars":	"Window"
							}, {
								"chars":	"init"
							}, {
								"type":	"ObjFunction",
								"name":	{
									"chars":	"init"
								},
								"arity":	0,
								"upvalueCount":	0,
								"chunk":	{
									"count":	3,
									"capacity":	8,
									"code":	[21, 0, 1],
									"lines":	[2, 2, 2],
									"constants":	[]
								}
							}]
					}
				}, {
					"chars":	"win"
				}, {
					"chars":	"Window"
				}, {
					"chars":	"WIDTH"
				}, 800, {
					"chars":	"HEIGHT"
				}, 600, {
					"chars":	"win"
				}, {
					"chars":	"init"
				}, {
					"chars":	"WIDTH"
				}, {
					"chars":	"HEIGHT"
				}, {
					"chars":	"Raycasting Demo"
				}, {
					"chars":	"MAP"
				}, {
					"chars":	"##########"
				}, {
					"chars":	"#...... ##"
				}, {
					"chars":	"#..###...#"
				}, {
					"chars":	"#..#.#...#"
				}, {
					"chars":	"#..#.#...#"
				}, {
					"chars":	"#........#"
				}, {
					"chars":	"##########"
				}, {
					"chars":	"TILE_SIZE"
				}, 64, {
					"chars":	"MAP_WIDTH"
				}, {
					"chars":	"MAP"
				}, 0, {
					"chars":	"length"
				}, {
					"chars":	"MAP_HEIGHT"
				}, {
					"chars":	"MAP"
				}, {
					"chars":	"length"
				}, {
					"chars":	"player_x"
				}, {
					"chars":	"TILE_SIZE"
				}, 1.5, {
					"chars":	"player_y"
				}, {
					"chars":	"TILE_SIZE"
				}, 1.5, {
					"chars":	"player_angle"
				}, 0, {
					"chars":	"FOV"
				}, {
					"chars":	"Math"
				}, {
					"chars":	"PI"
				}, 3, {
					"chars":	"NUM_RAYS"
				}, {
					"chars":	"WIDTH"
				}, {
					"chars":	"MAX_DEPTH"
				}, 200, {
					"chars":	"DELTA_ANGLE"
				}, {
					"chars":	"FOV"
				}, {
					"chars":	"NUM_RAYS"
				}, {
					"chars":	"DIST"
				}, {
					"chars":	"WIDTH"
				}, 2, {
					"chars":	"Math"
				}, {
					"chars":	"tan"
				}, {
					"chars":	"FOV"
				}, 2, {
					"chars":	"SCALE"
				}, 1, {
					"chars":	"SPEED"
				}, 2, {
					"chars":	"ROT_SPEED"
				}, 0.03, {
					"chars":	"showEditor"
				}, {
					"chars":	"TILE_DISPLAY_SIZE"
				}, {
					"chars":	"HEIGHT"
				}, {
					"chars":	"MAP"
				}, {
					"chars":	"length"
				}, {
					"chars":	"PANEL_WIDTH"
				}, {
					"chars":	"MAP_WIDTH"
				}, {
					"chars":	"TILE_DISPLAY_SIZE"
				}, {
					"chars":	"PANEL_HEIGHT"
				}, {
					"chars":	"MAP_HEIGHT"
				}, {
					"chars":	"TILE_DISPLAY_SIZE"
				}, {
					"chars":	"EDITOR_OFFSET"
				}, {
					"chars":	"MAP"
				}, 0, {
					"chars":	"length"
				}, {
					"chars":	"TILE_SIZE"
				}, {
					"chars":	"min"
				}, {
					"type":	"ObjFunction",
					"name":	{
						"chars":	"min"
					},
					"arity":	2,
					"upvalueCount":	0,
					"chunk":	{
						"count":	21,
						"capacity":	32,
						"code":	[21, 1, 21, 2, 12, 23, 0, 7, 17, 21, 2, 1, 24, 0, 1, 17, 21, 1, 1, 7, 1],
						"lines":	[42, 42, 42, 42, 42, 42, 42, 42, 42, 42, 42, 42, 42, 42, 42, 42, 43, 43, 43, 44, 44],
						"constants":	[]
					}
				}, {
					"chars":	"color"
				}, {
					"type":	"ObjFunction",
					"name":	{
						"chars":	"color"
					},
					"arity":	3,
					"upvalueCount":	0,
					"chunk":	{
						"count":	21,
						"capacity":	32,
						"code":	[21, 1, 0, 0, 0, 0, 5, 21, 2, 0, 0, 0, 1, 5, 3, 21, 3, 3, 1, 7, 1],
						"lines":	[47, 47, 47, 47, 47, 47, 47, 47, 47, 47, 47, 47, 47, 47, 47, 47, 47, 47, 47, 48, 48],
						"constants":	[65536, 256]
					}
				}, {
					"chars":	"DARK_GRAY"
				}, {
					"chars":	"color"
				}, 64, 64, 64, {
					"chars":	"GRAY"
				}, {
					"chars":	"color"
				}, 128, 128, 128, {
					"chars":	"BLACK"
				}, {
					"chars":	"color"
				}, 0, 0, 0, {
					"chars":	"calc"
				}, {
					"type":	"ObjFunction",
					"name":	{
						"chars":	"calc"
					},
					"arity":	2,
					"upvalueCount":	0,
					"chunk":	{
						"count":	315,
						"capacity":	512,
						"code":	[21, 2, 21, 1, 19, 0, 0, 0, 5, 3, 19, 0, 0, 1, 21, 3, 35, 0, 0, 2, 1, 19, 0, 0, 3, 21, 3, 35, 0, 0, 4, 1, 0, 0, 0, 5, 21, 6, 0, 0, 0, 6, 13, 23, 1, 9, 17, 24, 0, 13, 21, 6, 0, 0, 0, 7, 3, 22, 6, 17, 25, 0, 27, 19, 0, 0, 8, 21, 6, 21, 5, 5, 3, 19, 0, 0, 9, 21, 6, 21, 4, 5, 3, 21, 7, 19, 0, 0, 10, 50, 21, 8, 19, 0, 0, 11, 50, 0, 0, 0, 12, 21, 9, 12, 10, 23, 0, 31, 17, 21, 9, 19, 0, 0, 13, 13, 23, 0, 20, 17, 0, 0, 0, 14, 21, 10, 12, 10, 23, 0, 8, 17, 21, 10, 19, 0, 0, 15, 13, 23, 0, 161, 17, 19, 0, 0, 16, 21, 10, 41, 21, 9, 35, 0, 0, 17, 1, 0, 0, 0, 18, 11, 23, 0, 134, 17, 21, 6, 19, 0, 0, 19, 21, 3, 19, 0, 0, 21, 4, 35, 0, 0, 20, 1, 5, 19, 0, 0, 22, 19, 0, 0, 24, 19, 0, 0, 25, 19, 0, 0, 26, 5, 21, 11, 0, 0, 0, 27, 3, 6, 35, 0, 0, 23, 2, 0, 0, 0, 28, 0, 0, 0, 29, 21, 11, 21, 11, 5, 0, 0, 0, 30, 5, 3, 50, 19, 0, 0, 31, 21, 13, 21, 13, 21, 13, 26, 3, 19, 0, 0, 32, 21, 1, 19, 0, 0, 34, 5, 19, 0, 0, 35, 0, 0, 0, 36, 50, 21, 12, 0, 0, 0, 37, 50, 4, 19, 0, 0, 38, 21, 12, 21, 14, 35, 0, 0, 33, 5, 17, 24, 0, 20, 17, 17, 17, 17, 24, 0, 1, 17, 24, 0, 1, 17, 17, 17, 17, 17, 25, 1, 5, 17, 17, 7, 1],
						"lines":	[55, 55, 55, 55, 55, 55, 55, 55, 55, 55, 56, 56, 56, 56, 56, 56, 56, 56, 56, 56, 56, 57, 57, 57, 57, 57, 57, 57, 57, 57, 57, 57, 59, 59, 59, 59, 59, 59, 59, 59, 59, 59, 59, 59, 59, 59, 59, 59, 59, 59, 59, 59, 59, 59, 59, 59, 59, 59, 59, 59, 59, 59, 59, 60, 60, 60, 60, 60, 60, 60, 60, 60, 60, 61, 61, 61, 61, 61, 61, 61, 61, 61, 61, 62, 62, 62, 62, 62, 62, 62, 63, 63, 63, 63, 63, 63, 63, 65, 65, 65, 65, 65, 65, 65, 65, 65, 65, 65, 65, 65, 65, 65, 65, 65, 65, 65, 65, 65, 65, 65, 65, 65, 65, 65, 65, 65, 65, 65, 65, 65, 65, 65, 65, 65, 65, 65, 65, 65, 65, 65, 65, 65, 65, 66, 66, 66, 66, 66, 66, 66, 66, 66, 66, 66, 66, 66, 66, 66, 66, 66, 66, 66, 66, 66, 66, 66, 67, 67, 67, 67, 67, 67, 67, 67, 67, 67, 67, 67, 67, 67, 67, 67, 67, 67, 67, 68, 68, 68, 68, 68, 68, 68, 68, 68, 68, 68, 68, 68, 68, 68, 68, 68, 68, 68, 68, 68, 68, 68, 68, 68, 68, 68, 68, 68, 68, 69, 69, 69, 69, 69, 69, 69, 69, 69, 69, 69, 69, 69, 69, 69, 69, 69, 69, 69, 69, 70, 70, 70, 70, 70, 70, 70, 70, 70, 70, 70, 70, 72, 72, 72, 72, 72, 72, 72, 72, 72, 72, 72, 72, 72, 72, 72, 72, 72, 72, 72, 72, 72, 72, 72, 72, 72, 72, 72, 72, 72, 72, 72, 72, 72, 72, 72, 72, 72, 72, 72, 72, 72, 72, 73, 73, 73, 74, 74, 74, 74, 74, 74, 74, 74, 75, 75, 75, 75, 76, 76, 76, 76, 76, 76, 76, 76, 76, 77, 77],
						"constants":	[{
								"chars":	"DELTA_ANGLE"
							}, {
								"chars":	"Math"
							}, {
								"chars":	"sin"
							}, {
								"chars":	"Math"
							}, {
								"chars":	"cos"
							}, 1, 800, 1, {
								"chars":	"player_x"
							}, {
								"chars":	"player_y"
							}, {
								"chars":	"TILE_SIZE"
							}, {
								"chars":	"TILE_SIZE"
							}, 0, {
								"chars":	"MAP_WIDTH"
							}, 0, {
								"chars":	"MAP_HEIGHT"
							}, {
								"chars":	"MAP"
							}, {
								"chars":	"charAt"
							}, {
								"chars":	"#"
							}, {
								"chars":	"Math"
							}, {
								"chars":	"cos"
							}, {
								"chars":	"player_angle"
							}, {
								"chars":	"Math"
							}, {
								"chars":	"min"
							}, {
								"chars":	"HEIGHT"
							}, {
								"chars":	"TILE_SIZE"
							}, {
								"chars":	"DIST"
							}, 0.0001, 255, 1, 0.0001, {
								"chars":	"color"
							}, {
								"chars":	"win"
							}, {
								"chars":	"drawRect"
							}, {
								"chars":	"SCALE"
							}, {
								"chars":	"HEIGHT"
							}, 2, 2, {
								"chars":	"SCALE"
							}]
					}
				}, {
					"chars":	"cast_rays"
				}, {
					"type":	"ObjFunction",
					"name":	{
						"chars":	"cast_rays"
					},
					"arity":	0,
					"upvalueCount":	0,
					"chunk":	{
						"count":	63,
						"capacity":	64,
						"code":	[19, 0, 0, 0, 19, 0, 0, 1, 0, 0, 0, 2, 6, 4, 0, 0, 0, 3, 21, 2, 19, 0, 0, 4, 13, 23, 0, 31, 17, 24, 0, 13, 21, 2, 0, 0, 0, 5, 3, 22, 2, 17, 25, 0, 27, 19, 0, 0, 6, 21, 2, 21, 1, 26, 2, 17, 25, 0, 27, 17, 17, 7, 1],
						"lines":	[80, 80, 80, 80, 80, 80, 80, 80, 80, 80, 80, 80, 80, 80, 82, 82, 82, 82, 82, 82, 82, 82, 82, 82, 82, 82, 82, 82, 82, 82, 82, 82, 82, 82, 82, 82, 82, 82, 82, 82, 82, 82, 82, 82, 82, 83, 83, 83, 83, 83, 83, 83, 83, 83, 83, 83, 84, 84, 84, 84, 84, 85, 85],
						"constants":	[{
								"chars":	"player_angle"
							}, {
								"chars":	"FOV"
							}, 2, 0, {
								"chars":	"NUM_RAYS"
							}, 1, {
								"chars":	"calc"
							}]
					}
				}, {
					"chars":	"draw_editor"
				}, {
					"type":	"ObjFunction",
					"name":	{
						"chars":	"draw_editor"
					},
					"arity":	0,
					"upvalueCount":	0,
					"chunk":	{
						"count":	248,
						"capacity":	256,
						"code":	[0, 0, 0, 0, 21, 1, 19, 0, 0, 1, 13, 23, 0, 146, 17, 24, 0, 13, 21, 1, 0, 0, 0, 2, 3, 22, 1, 17, 25, 0, 27, 0, 0, 0, 3, 21, 2, 19, 0, 0, 4, 13, 23, 0, 110, 17, 24, 0, 13, 21, 2, 0, 0, 0, 5, 3, 22, 2, 17, 25, 0, 27, 19, 0, 0, 6, 21, 1, 41, 21, 2, 35, 0, 0, 7, 1, 7, 21, 3, 0, 0, 0, 8, 11, 23, 0, 11, 17, 19, 0, 0, 9, 22, 4, 17, 24, 0, 8, 17, 19, 0, 0, 10, 22, 4, 17, 19, 0, 0, 11, 19, 0, 0, 13, 21, 2, 19, 0, 0, 14, 0, 0, 0, 15, 4, 5, 3, 21, 1, 19, 0, 0, 16, 5, 19, 0, 0, 17, 19, 0, 0, 18, 21, 4, 35, 0, 0, 12, 5, 17, 17, 17, 25, 0, 106, 17, 17, 25, 0, 142, 17, 17, 19, 0, 0, 19, 19, 0, 0, 20, 19, 0, 0, 21, 0, 0, 0, 22, 4, 19, 0, 0, 23, 6, 5, 3, 19, 0, 0, 24, 19, 0, 0, 25, 19, 0, 0, 26, 6, 5, 19, 0, 0, 27, 21, 1, 0, 0, 0, 29, 4, 21, 2, 0, 0, 0, 30, 4, 0, 0, 0, 31, 19, 0, 0, 32, 0, 0, 0, 33, 0, 0, 0, 34, 0, 0, 0, 35, 26, 3, 35, 0, 0, 28, 4, 17, 7, 1],
						"lines":	[89, 89, 89, 89, 89, 89, 89, 89, 89, 89, 89, 89, 89, 89, 89, 89, 89, 89, 89, 89, 89, 89, 89, 89, 89, 89, 89, 89, 89, 89, 89, 90, 90, 90, 90, 90, 90, 90, 90, 90, 90, 90, 90, 90, 90, 90, 90, 90, 90, 90, 90, 90, 90, 90, 90, 90, 90, 90, 90, 90, 90, 90, 91, 91, 91, 91, 91, 91, 91, 91, 91, 91, 91, 91, 91, 91, 92, 93, 93, 93, 93, 93, 93, 93, 93, 93, 93, 93, 93, 93, 93, 93, 93, 93, 93, 93, 93, 93, 93, 93, 93, 93, 93, 93, 93, 93, 94, 94, 94, 94, 94, 94, 94, 94, 94, 94, 94, 94, 94, 94, 94, 94, 94, 94, 94, 94, 94, 95, 95, 95, 95, 95, 95, 95, 96, 96, 96, 96, 96, 96, 96, 96, 97, 97, 97, 97, 97, 97, 97, 97, 98, 98, 98, 98, 98, 98, 98, 99, 99, 99, 99, 99, 101, 101, 101, 101, 101, 101, 101, 101, 101, 101, 101, 101, 101, 101, 101, 101, 101, 101, 101, 101, 101, 101, 101, 101, 102, 102, 102, 102, 102, 102, 102, 102, 102, 102, 102, 102, 102, 102, 103, 103, 103, 103, 103, 103, 103, 103, 103, 103, 103, 103, 103, 103, 103, 103, 103, 103, 103, 103, 103, 103, 103, 103, 103, 103, 103, 103, 103, 103, 103, 103, 103, 103, 103, 103, 103, 103, 103, 103, 103, 103, 103, 103, 103, 103, 105, 105],
						"constants":	[0, {
								"chars":	"MAP_HEIGHT"
							}, 1, 0, {
								"chars":	"MAP_WIDTH"
							}, 1, {
								"chars":	"MAP"
							}, {
								"chars":	"charAt"
							}, {
								"chars":	"#"
							}, {
								"chars":	"GRAY"
							}, {
								"chars":	"BLACK"
							}, {
								"chars":	"win"
							}, {
								"chars":	"drawRect"
							}, {
								"chars":	"WIDTH"
							}, {
								"chars":	"TILE_DISPLAY_SIZE"
							}, 30, {
								"chars":	"TILE_DISPLAY_SIZE"
							}, {
								"chars":	"TILE_DISPLAY_SIZE"
							}, {
								"chars":	"TILE_DISPLAY_SIZE"
							}, {
								"chars":	"WIDTH"
							}, {
								"chars":	"player_x"
							}, {
								"chars":	"TILE_DISPLAY_SIZE"
							}, 30, {
								"chars":	"TILE_SIZE"
							}, {
								"chars":	"player_y"
							}, {
								"chars":	"TILE_DISPLAY_SIZE"
							}, {
								"chars":	"TILE_SIZE"
							}, {
								"chars":	"win"
							}, {
								"chars":	"drawCircle"
							}, 2, 2, 10, {
								"chars":	"color"
							}, 0, 200, 0]
					}
				}, {
					"chars":	"forward"
				}, {
					"chars":	"backward"
				}, {
					"chars":	"leftward"
				}, {
					"chars":	"rightward"
				}, {
					"chars":	"left"
				}, {
					"chars":	"right"
				}, {
					"chars":	"main"
				}, {
					"type":	"ObjFunction",
					"name":	{
						"chars":	"main"
					},
					"arity":	0,
					"upvalueCount":	0,
					"chunk":	{
						"count":	1476,
						"capacity":	2048,
						"code":	[8, 23, 5, 189, 17, 19, 0, 0, 0, 35, 0, 0, 1, 0, 21, 1, 7, 11, 10, 23, 2, 222, 17, 21, 1, 0, 0, 0, 2, 41, 0, 0, 0, 3, 11, 23, 0, 17, 17, 19, 0, 0, 4, 35, 0, 0, 5, 0, 17, 24, 5, 142, 24, 0, 1, 17, 21, 1, 0, 0, 0, 6, 41, 0, 0, 0, 7, 11, 23, 1, 25, 17, 21, 1, 0, 0, 0, 8, 41, 0, 0, 0, 9, 11, 23, 0, 10, 17, 8, 20, 0, 0, 10, 17, 24, 0, 1, 17, 21, 1, 0, 0, 0, 11, 41, 0, 0, 0, 12, 11, 23, 0, 10, 17, 8, 20, 0, 0, 13, 17, 24, 0, 1, 17, 21, 1, 0, 0, 0, 14, 41, 0, 0, 0, 15, 11, 23, 0, 10, 17, 8, 20, 0, 0, 16, 17, 24, 0, 1, 17, 21, 1, 0, 0, 0, 17, 41, 0, 0, 0, 18, 11, 23, 0, 10, 17, 8, 20, 0, 0, 19, 17, 24, 0, 1, 17, 21, 1, 0, 0, 0, 20, 41, 0, 0, 0, 21, 11, 23, 0, 10, 17, 8, 20, 0, 0, 22, 17, 24, 0, 1, 17, 21, 1, 0, 0, 0, 23, 41, 0, 0, 0, 24, 11, 23, 0, 10, 17, 8, 20, 0, 0, 25, 17, 24, 0, 1, 17, 21, 1, 0, 0, 0, 26, 41, 0, 0, 0, 27, 11, 23, 0, 105, 17, 19, 0, 0, 29, 10, 20, 0, 0, 28, 17, 19, 0, 0, 30, 35, 0, 0, 31, 0, 17, 19, 0, 0, 32, 23, 0, 51, 17, 19, 0, 0, 33, 19, 0, 0, 35, 19, 0, 0, 36, 0, 0, 0, 37, 4, 19, 0, 0, 38, 0, 0, 0, 39, 41, 35, 0, 0, 40, 0, 5, 3, 19, 0, 0, 41, 0, 0, 0, 42, 35, 0, 0, 34, 3, 17, 24, 0, 23, 17, 19, 0, 0, 43, 19, 0, 0, 45, 19, 0, 0, 46, 0, 0, 0, 47, 35, 0, 0, 44, 3, 17, 24, 0, 1, 17, 24, 0, 1, 17, 21, 1, 0, 0, 0, 48, 41, 0, 0, 0, 49, 11, 23, 0, 160, 17, 21, 1, 0, 0, 0, 50, 41, 0, 0, 0, 51, 11, 23, 0, 10, 17, 9, 20, 0, 0, 52, 17, 24, 0, 1, 17, 21, 1, 0, 0, 0, 53, 41, 0, 0, 0, 54, 11, 23, 0, 10, 17, 9, 20, 0, 0, 55, 17, 24, 0, 1, 17, 21, 1, 0, 0, 0, 56, 41, 0, 0, 0, 57, 11, 23, 0, 10, 17, 9, 20, 0, 0, 58, 17, 24, 0, 1, 17, 21, 1, 0, 0, 0, 59, 41, 0, 0, 0, 60, 11, 23, 0, 10, 17, 9, 20, 0, 0, 61, 17, 24, 0, 1, 17, 21, 1, 0, 0, 0, 62, 41, 0, 0, 0, 63, 11, 23, 0, 10, 17, 9, 20, 0, 0, 64, 17, 24, 0, 1, 17, 21, 1, 0, 0, 0, 65, 41, 0, 0, 0, 66, 11, 23, 0, 10, 17, 9, 20, 0, 0, 67, 17, 24, 0, 1, 17, 24, 0, 1, 17, 21, 1, 0, 0, 0, 68, 41, 0, 0, 0, 69, 11, 23, 0, 5, 17, 19, 0, 0, 70, 23, 0, 200, 17, 19, 0, 0, 71, 35, 0, 0, 72, 0, 21, 2, 0, 0, 0, 73, 41, 21, 2, 0, 0, 0, 74, 41, 21, 3, 19, 0, 0, 75, 4, 19, 0, 0, 76, 0, 0, 0, 77, 4, 50, 21, 4, 19, 0, 0, 78, 50, 0, 0, 0, 79, 21, 5, 12, 10, 23, 0, 31, 17, 21, 5, 19, 0, 0, 80, 13, 23, 0, 20, 17, 0, 0, 0, 81, 21, 6, 12, 10, 23, 0, 8, 17, 21, 6, 19, 0, 0, 82, 13, 23, 0, 98, 17, 19, 0, 0, 83, 21, 6, 41, 21, 7, 21, 5, 35, 0, 0, 84, 1, 0, 0, 0, 85, 21, 8, 0, 0, 0, 86, 11, 23, 0, 11, 17, 0, 0, 0, 87, 22, 9, 17, 24, 0, 1, 17, 21, 7, 0, 0, 0, 89, 21, 5, 35, 0, 0, 88, 2, 21, 9, 3, 21, 7, 21, 5, 0, 0, 0, 91, 3, 21, 7, 35, 0, 0, 92, 0, 35, 0, 0, 90, 2, 3, 19, 0, 0, 93, 21, 6, 21, 10, 40, 17, 17, 17, 17, 17, 24, 0, 1, 17, 17, 17, 17, 17, 17, 24, 0, 1, 17, 24, 0, 1, 17, 19, 0, 0, 94, 23, 0, 18, 17, 19, 0, 0, 96, 19, 0, 0, 97, 4, 20, 0, 0, 95, 17, 24, 0, 1, 17, 19, 0, 0, 98, 23, 0, 18, 17, 19, 0, 0, 100, 19, 0, 0, 101, 3, 20, 0, 0, 99, 17, 24, 0, 1, 17, 19, 0, 0, 102, 23, 0, 110, 17, 19, 0, 0, 103, 19, 0, 0, 105, 35, 0, 0, 104, 1, 19, 0, 0, 106, 5, 19, 0, 0, 107, 19, 0, 0, 109, 35, 0, 0, 108, 1, 19, 0, 0, 110, 5, 19, 0, 0, 111, 21, 2, 3, 19, 0, 0, 112, 21, 3, 3, 19, 0, 0, 113, 21, 5, 19, 0, 0, 114, 50, 41, 21, 4, 19, 0, 0, 116, 50, 35, 0, 0, 115, 1, 0, 0, 0, 117, 11, 10, 23, 0, 18, 17, 21, 4, 20, 0, 0, 118, 17, 21, 5, 20, 0, 0, 119, 17, 24, 0, 1, 17, 17, 17, 17, 17, 24, 0, 1, 17, 19, 0, 0, 120, 23, 0, 110, 17, 19, 0, 0, 121, 19, 0, 0, 123, 35, 0, 0, 122, 1, 19, 0, 0, 124, 5, 19, 0, 0, 125, 19, 0, 0, 127, 35, 0, 0, 126, 1, 19, 0, 0, 128, 5, 19, 0, 0, 129, 21, 2, 4, 19, 0, 0, 130, 21, 3, 4, 19, 0, 0, 131, 21, 5, 19, 0, 0, 132, 50, 41, 21, 4, 19, 0, 0, 134, 50, 35, 0, 0, 133, 1, 0, 0, 0, 135, 11, 10, 23, 0, 18, 17, 21, 4, 20, 0, 0, 136, 17, 21, 5, 20, 0, 0, 137, 17, 24, 0, 1, 17, 17, 17, 17, 17, 24, 0, 1, 17, 19, 0, 0, 138, 23, 0, 138, 17, 19, 0, 0, 139, 19, 0, 0, 141, 19, 0, 0, 142, 32, 0, 0, 143, 0, 0, 0, 144, 6, 3, 35, 0, 0, 140, 1, 19, 0, 0, 145, 5, 19, 0, 0, 146, 19, 0, 0, 148, 19, 0, 0, 149, 32, 0, 0, 150, 0, 0, 0, 151, 6, 3, 35, 0, 0, 147, 1, 19, 0, 0, 152, 5, 19, 0, 0, 153, 21, 2, 4, 19, 0, 0, 154, 21, 3, 4, 19, 0, 0, 155, 21, 5, 19, 0, 0, 156, 50, 41, 21, 4, 19, 0, 0, 158, 50, 35, 0, 0, 157, 1, 0, 0, 0, 159, 11, 10, 23, 0, 18, 17, 21, 4, 20, 0, 0, 160, 17, 21, 5, 20, 0, 0, 161, 17, 24, 0, 1, 17, 17, 17, 17, 17, 24, 0, 1, 17, 19, 0, 0, 162, 23, 0, 138, 17, 19, 0, 0, 163, 19, 0, 0, 165, 19, 0, 0, 166, 32, 0, 0, 167, 0, 0, 0, 168, 6, 4, 35, 0, 0, 164, 1, 19, 0, 0, 169, 5, 19, 0, 0, 170, 19, 0, 0, 172, 19, 0, 0, 173, 32, 0, 0, 174, 0, 0, 0, 175, 6, 4, 35, 0, 0, 171, 1, 19, 0, 0, 176, 5, 19, 0, 0, 177, 21, 2, 4, 19, 0, 0, 178, 21, 3, 4, 19, 0, 0, 179, 21, 5, 19, 0, 0, 180, 50, 41, 21, 4, 19, 0, 0, 182, 50, 35, 0, 0, 181, 1, 0, 0, 0, 183, 11, 10, 23, 0, 18, 17, 21, 4, 20, 0, 0, 184, 17, 21, 5, 20, 0, 0, 185, 17, 24, 0, 1, 17, 17, 17, 17, 17, 24, 0, 1, 17, 19, 0, 0, 186, 19, 0, 0, 188, 35, 0, 0, 187, 1, 17, 19, 0, 0, 189, 0, 0, 0, 191, 0, 0, 0, 192, 19, 0, 0, 193, 19, 0, 0, 194, 0, 0, 0, 195, 50, 19, 0, 0, 196, 35, 0, 0, 190, 5, 17, 19, 0, 0, 197, 0, 0, 0, 199, 19, 0, 0, 200, 0, 0, 0, 201, 50, 19, 0, 0, 202, 19, 0, 0, 203, 0, 0, 0, 204, 50, 19, 0, 0, 205, 35, 0, 0, 198, 5, 17, 19, 0, 0, 206, 26, 0, 17, 19, 0, 0, 207, 23, 0, 11, 17, 19, 0, 0, 208, 26, 0, 17, 24, 0, 1, 17, 19, 0, 0, 209, 35, 0, 0, 210, 0, 17, 19, 0, 0, 211, 26, 0, 17, 17, 25, 5, 193, 17, 7, 1],
						"lines":	[116, 116, 116, 116, 116, 117, 117, 117, 117, 117, 117, 117, 117, 117, 118, 118, 118, 118, 118, 118, 118, 118, 118, 119, 119, 119, 119, 119, 119, 119, 119, 119, 119, 119, 119, 119, 119, 119, 119, 120, 120, 120, 120, 120, 120, 120, 120, 120, 120, 121, 121, 121, 122, 122, 122, 122, 124, 124, 124, 124, 124, 124, 124, 124, 124, 124, 124, 124, 124, 124, 124, 124, 125, 125, 125, 125, 125, 125, 125, 125, 125, 125, 125, 125, 125, 125, 125, 125, 125, 125, 125, 125, 125, 125, 125, 125, 125, 125, 126, 126, 126, 126, 126, 126, 126, 126, 126, 126, 126, 126, 126, 126, 126, 126, 126, 126, 126, 126, 126, 126, 126, 126, 126, 126, 127, 127, 127, 127, 127, 127, 127, 127, 127, 127, 127, 127, 127, 127, 127, 127, 127, 127, 127, 127, 127, 127, 127, 127, 127, 127, 128, 128, 128, 128, 128, 128, 128, 128, 128, 128, 128, 128, 128, 128, 128, 128, 128, 128, 128, 128, 128, 128, 128, 128, 128, 128, 129, 129, 129, 129, 129, 129, 129, 129, 129, 129, 129, 129, 129, 129, 129, 129, 129, 129, 129, 129, 129, 129, 129, 129, 129, 129, 130, 130, 130, 130, 130, 130, 130, 130, 130, 130, 130, 130, 130, 130, 130, 130, 130, 130, 130, 130, 130, 130, 130, 130, 130, 130, 131, 131, 131, 131, 131, 131, 131, 131, 131, 131, 131, 131, 131, 131, 131, 131, 132, 132, 132, 132, 132, 132, 132, 132, 132, 132, 133, 133, 133, 133, 133, 133, 133, 133, 133, 133, 134, 134, 134, 134, 134, 134, 134, 134, 135, 135, 135, 135, 135, 135, 135, 135, 135, 135, 135, 135, 135, 135, 135, 135, 135, 135, 135, 135, 135, 135, 135, 135, 135, 135, 135, 135, 135, 135, 135, 135, 135, 135, 135, 135, 135, 135, 135, 135, 135, 135, 135, 135, 135, 135, 135, 135, 135, 135, 135, 137, 137, 137, 137, 137, 137, 137, 137, 137, 137, 137, 137, 137, 137, 137, 137, 137, 137, 137, 137, 137, 137, 138, 138, 138, 138, 139, 139, 139, 139, 141, 141, 141, 141, 141, 141, 141, 141, 141, 141, 141, 141, 141, 141, 141, 141, 142, 142, 142, 142, 142, 142, 142, 142, 142, 142, 142, 142, 142, 142, 142, 142, 142, 142, 142, 142, 142, 142, 142, 142, 142, 142, 143, 143, 143, 143, 143, 143, 143, 143, 143, 143, 143, 143, 143, 143, 143, 143, 143, 143, 143, 143, 143, 143, 143, 143, 143, 143, 144, 144, 144, 144, 144, 144, 144, 144, 144, 144, 144, 144, 144, 144, 144, 144, 144, 144, 144, 144, 144, 144, 144, 144, 144, 144, 145, 145, 145, 145, 145, 145, 145, 145, 145, 145, 145, 145, 145, 145, 145, 145, 145, 145, 145, 145, 145, 145, 145, 145, 145, 145, 146, 146, 146, 146, 146, 146, 146, 146, 146, 146, 146, 146, 146, 146, 146, 146, 146, 146, 146, 146, 146, 146, 146, 146, 146, 146, 147, 147, 147, 147, 147, 147, 147, 147, 147, 147, 147, 147, 147, 147, 147, 147, 147, 147, 147, 147, 147, 147, 147, 147, 147, 147, 148, 148, 148, 148, 150, 150, 150, 150, 150, 150, 150, 150, 150, 150, 150, 150, 150, 150, 150, 150, 150, 150, 150, 150, 150, 150, 150, 150, 151, 151, 151, 151, 151, 151, 151, 151, 151, 152, 152, 152, 152, 152, 152, 152, 153, 153, 153, 153, 153, 153, 153, 154, 154, 154, 154, 154, 154, 154, 154, 154, 154, 154, 154, 154, 154, 154, 154, 154, 155, 155, 155, 155, 155, 155, 155, 157, 157, 157, 157, 157, 157, 157, 157, 157, 157, 157, 157, 157, 157, 157, 157, 157, 157, 157, 157, 157, 157, 157, 157, 157, 157, 157, 157, 157, 157, 157, 157, 157, 157, 157, 157, 157, 157, 157, 157, 157, 157, 157, 157, 157, 157, 158, 158, 158, 158, 158, 158, 158, 159, 159, 159, 159, 159, 159, 159, 159, 159, 160, 160, 160, 160, 161, 161, 161, 161, 161, 161, 161, 161, 161, 161, 161, 161, 161, 161, 161, 161, 161, 161, 161, 161, 161, 161, 162, 162, 162, 162, 162, 162, 162, 162, 162, 162, 162, 162, 162, 162, 162, 162, 162, 162, 162, 162, 162, 162, 162, 162, 162, 162, 162, 162, 162, 162, 162, 162, 162, 162, 162, 162, 162, 162, 163, 163, 163, 163, 163, 163, 163, 163, 163, 163, 164, 164, 164, 164, 164, 164, 164, 164, 165, 165, 165, 165, 165, 165, 165, 165, 165, 167, 167, 167, 167, 170, 170, 170, 170, 170, 170, 170, 170, 170, 170, 170, 170, 170, 170, 170, 170, 170, 170, 170, 170, 170, 170, 170, 170, 170, 170, 171, 171, 171, 171, 171, 171, 171, 171, 171, 171, 171, 171, 171, 171, 171, 171, 171, 171, 171, 171, 171, 171, 171, 171, 171, 171, 173, 173, 173, 173, 173, 173, 173, 173, 174, 174, 174, 174, 174, 174, 174, 174, 174, 174, 174, 174, 174, 174, 174, 174, 174, 174, 175, 175, 175, 175, 175, 175, 175, 175, 175, 175, 175, 175, 175, 175, 175, 175, 175, 175, 177, 177, 177, 177, 177, 177, 177, 178, 178, 178, 178, 178, 178, 178, 179, 179, 179, 179, 179, 179, 179, 179, 179, 179, 179, 179, 179, 179, 179, 179, 179, 179, 179, 179, 179, 179, 179, 179, 179, 179, 179, 179, 179, 179, 179, 179, 179, 179, 180, 180, 180, 180, 180, 180, 180, 181, 181, 181, 181, 181, 181, 181, 182, 182, 182, 182, 183, 183, 183, 183, 183, 183, 183, 183, 185, 185, 185, 185, 185, 185, 185, 185, 186, 186, 186, 186, 186, 186, 186, 186, 186, 186, 186, 186, 186, 186, 186, 186, 186, 186, 187, 187, 187, 187, 187, 187, 187, 187, 187, 187, 187, 187, 187, 187, 187, 187, 187, 187, 189, 189, 189, 189, 189, 189, 189, 190, 190, 190, 190, 190, 190, 190, 191, 191, 191, 191, 191, 191, 191, 191, 191, 191, 191, 191, 191, 191, 191, 191, 191, 191, 191, 191, 191, 191, 191, 191, 191, 191, 191, 191, 191, 191, 191, 191, 191, 191, 192, 192, 192, 192, 192, 192, 192, 193, 193, 193, 193, 193, 193, 193, 194, 194, 194, 194, 195, 195, 195, 195, 195, 195, 195, 195, 197, 197, 197, 197, 197, 197, 197, 197, 198, 198, 198, 198, 198, 198, 198, 198, 198, 198, 198, 198, 198, 198, 198, 198, 198, 198, 198, 198, 198, 198, 198, 198, 198, 198, 198, 198, 198, 198, 198, 198, 199, 199, 199, 199, 199, 199, 199, 199, 199, 199, 199, 199, 199, 199, 199, 199, 199, 199, 199, 199, 199, 199, 199, 199, 199, 199, 199, 199, 199, 199, 199, 199, 201, 201, 201, 201, 201, 201, 201, 202, 202, 202, 202, 202, 202, 202, 203, 203, 203, 203, 203, 203, 203, 203, 203, 203, 203, 203, 203, 203, 203, 203, 203, 203, 203, 203, 203, 203, 203, 203, 203, 203, 203, 203, 203, 203, 203, 203, 203, 203, 204, 204, 204, 204, 204, 204, 204, 205, 205, 205, 205, 205, 205, 205, 206, 206, 206, 206, 207, 207, 207, 207, 207, 207, 207, 207, 209, 209, 209, 209, 209, 209, 209, 209, 210, 210, 210, 210, 210, 210, 210, 210, 210, 210, 210, 210, 210, 210, 210, 210, 210, 210, 210, 210, 210, 210, 210, 210, 210, 210, 210, 210, 210, 210, 210, 210, 211, 211, 211, 211, 211, 211, 211, 211, 211, 211, 211, 211, 211, 211, 211, 211, 211, 211, 211, 211, 211, 211, 211, 211, 211, 211, 211, 211, 211, 211, 211, 211, 213, 213, 213, 213, 213, 213, 213, 214, 214, 214, 214, 214, 214, 214, 215, 215, 215, 215, 215, 215, 215, 215, 215, 215, 215, 215, 215, 215, 215, 215, 215, 215, 215, 215, 215, 215, 215, 215, 215, 215, 215, 215, 215, 215, 215, 215, 215, 215, 216, 216, 216, 216, 216, 216, 216, 217, 217, 217, 217, 217, 217, 217, 218, 218, 218, 218, 219, 219, 219, 219, 219, 219, 219, 219, 221, 221, 221, 221, 221, 221, 221, 221, 221, 221, 221, 221, 221, 221, 222, 222, 222, 222, 222, 222, 222, 222, 222, 222, 222, 222, 222, 222, 222, 222, 222, 222, 222, 222, 222, 222, 222, 222, 222, 222, 222, 222, 222, 222, 222, 222, 222, 222, 222, 223, 223, 223, 223, 223, 223, 223, 223, 223, 223, 223, 223, 223, 223, 223, 223, 223, 223, 223, 223, 223, 223, 223, 223, 223, 223, 223, 223, 223, 223, 223, 223, 223, 223, 223, 223, 223, 223, 223, 223, 224, 224, 224, 224, 224, 224, 224, 225, 225, 225, 225, 225, 225, 225, 225, 225, 225, 225, 225, 225, 225, 225, 225, 225, 225, 225, 226, 226, 226, 226, 226, 226, 226, 226, 226, 226, 227, 227, 227, 227, 227, 227, 227, 228, 228, 228, 228, 228, 229, 229],
						"constants":	[{
								"chars":	"win"
							}, {
								"chars":	"pollEvent"
							}, 0, {
								"chars":	"quit"
							}, {
								"chars":	"win"
							}, {
								"chars":	"exit"
							}, 0, {
								"chars":	"key_down"
							}, 1, {
								"chars":	"Left"
							}, {
								"chars":	"left"
							}, 1, {
								"chars":	"Right"
							}, {
								"chars":	"right"
							}, 1, {
								"chars":	"W"
							}, {
								"chars":	"forward"
							}, 1, {
								"chars":	"S"
							}, {
								"chars":	"backward"
							}, 1, {
								"chars":	"A"
							}, {
								"chars":	"leftward"
							}, 1, {
								"chars":	"D"
							}, {
								"chars":	"rightward"
							}, 1, {
								"chars":	"Tab"
							}, {
								"chars":	"showEditor"
							}, {
								"chars":	"showEditor"
							}, {
								"chars":	"win"
							}, {
								"chars":	"exit"
							}, {
								"chars":	"showEditor"
							}, {
								"chars":	"win"
							}, {
								"chars":	"init"
							}, {
								"chars":	"WIDTH"
							}, {
								"chars":	"TILE_DISPLAY_SIZE"
							}, 30, {
								"chars":	"MAP"
							}, 0, {
								"chars":	"length"
							}, {
								"chars":	"HEIGHT"
							}, {
								"chars":	"Raycasting Editor"
							}, {
								"chars":	"win"
							}, {
								"chars":	"init"
							}, {
								"chars":	"WIDTH"
							}, {
								"chars":	"HEIGHT"
							}, {
								"chars":	"Raycasting Editor"
							}, 0, {
								"chars":	"key_up"
							}, 1, {
								"chars":	"Left"
							}, {
								"chars":	"left"
							}, 1, {
								"chars":	"Right"
							}, {
								"chars":	"right"
							}, 1, {
								"chars":	"W"
							}, {
								"chars":	"forward"
							}, 1, {
								"chars":	"S"
							}, {
								"chars":	"backward"
							}, 1, {
								"chars":	"A"
							}, {
								"chars":	"leftward"
							}, 1, {
								"chars":	"D"
							}, {
								"chars":	"rightward"
							}, 0, {
								"chars":	"mouse_down"
							}, {
								"chars":	"showEditor"
							}, {
								"chars":	"win"
							}, {
								"chars":	"getMousePos"
							}, 0, 1, {
								"chars":	"WIDTH"
							}, {
								"chars":	"TILE_DISPLAY_SIZE"
							}, 30, {
								"chars":	"TILE_DISPLAY_SIZE"
							}, 0, {
								"chars":	"MAP_WIDTH"
							}, 0, {
								"chars":	"MAP_HEIGHT"
							}, {
								"chars":	"MAP"
							}, {
								"chars":	"charAt"
							}, {
								"chars":	"#"
							}, {
								"chars":	"#"
							}, {
								"chars":	"."
							}, {
								"chars":	"substring"
							}, 0, {
								"chars":	"substring"
							}, 1, {
								"chars":	"length"
							}, {
								"chars":	"MAP"
							}, {
								"chars":	"left"
							}, {
								"chars":	"player_angle"
							}, {
								"chars":	"player_angle"
							}, {
								"chars":	"ROT_SPEED"
							}, {
								"chars":	"right"
							}, {
								"chars":	"player_angle"
							}, {
								"chars":	"player_angle"
							}, {
								"chars":	"ROT_SPEED"
							}, {
								"chars":	"forward"
							}, {
								"chars":	"Math"
							}, {
								"chars":	"cos"
							}, {
								"chars":	"player_angle"
							}, {
								"chars":	"SPEED"
							}, {
								"chars":	"Math"
							}, {
								"chars":	"sin"
							}, {
								"chars":	"player_angle"
							}, {
								"chars":	"SPEED"
							}, {
								"chars":	"player_x"
							}, {
								"chars":	"player_y"
							}, {
								"chars":	"MAP"
							}, {
								"chars":	"TILE_SIZE"
							}, {
								"chars":	"charAt"
							}, {
								"chars":	"TILE_SIZE"
							}, {
								"chars":	"#"
							}, {
								"chars":	"player_x"
							}, {
								"chars":	"player_y"
							}, {
								"chars":	"backward"
							}, {
								"chars":	"Math"
							}, {
								"chars":	"cos"
							}, {
								"chars":	"player_angle"
							}, {
								"chars":	"SPEED"
							}, {
								"chars":	"Math"
							}, {
								"chars":	"sin"
							}, {
								"chars":	"player_angle"
							}, {
								"chars":	"SPEED"
							}, {
								"chars":	"player_x"
							}, {
								"chars":	"player_y"
							}, {
								"chars":	"MAP"
							}, {
								"chars":	"TILE_SIZE"
							}, {
								"chars":	"charAt"
							}, {
								"chars":	"TILE_SIZE"
							}, {
								"chars":	"#"
							}, {
								"chars":	"player_x"
							}, {
								"chars":	"player_y"
							}, {
								"chars":	"leftward"
							}, {
								"chars":	"Math"
							}, {
								"chars":	"cos"
							}, {
								"chars":	"player_angle"
							}, {
								"chars":	"Math"
							}, {
								"chars":	"PI"
							}, 2, {
								"chars":	"SPEED"
							}, {
								"chars":	"Math"
							}, {
								"chars":	"sin"
							}, {
								"chars":	"player_angle"
							}, {
								"chars":	"Math"
							}, {
								"chars":	"PI"
							}, 2, {
								"chars":	"SPEED"
							}, {
								"chars":	"player_x"
							}, {
								"chars":	"player_y"
							}, {
								"chars":	"MAP"
							}, {
								"chars":	"TILE_SIZE"
							}, {
								"chars":	"charAt"
							}, {
								"chars":	"TILE_SIZE"
							}, {
								"chars":	"#"
							}, {
								"chars":	"player_x"
							}, {
								"chars":	"player_y"
							}, {
								"chars":	"rightward"
							}, {
								"chars":	"Math"
							}, {
								"chars":	"cos"
							}, {
								"chars":	"player_angle"
							}, {
								"chars":	"Math"
							}, {
								"chars":	"PI"
							}, 2, {
								"chars":	"SPEED"
							}, {
								"chars":	"Math"
							}, {
								"chars":	"sin"
							}, {
								"chars":	"player_angle"
							}, {
								"chars":	"Math"
							}, {
								"chars":	"PI"
							}, 2, {
								"chars":	"SPEED"
							}, {
								"chars":	"player_x"
							}, {
								"chars":	"player_y"
							}, {
								"chars":	"MAP"
							}, {
								"chars":	"TILE_SIZE"
							}, {
								"chars":	"charAt"
							}, {
								"chars":	"TILE_SIZE"
							}, {
								"chars":	"#"
							}, {
								"chars":	"player_x"
							}, {
								"chars":	"player_y"
							}, {
								"chars":	"win"
							}, {
								"chars":	"clear"
							}, {
								"chars":	"DARK_GRAY"
							}, {
								"chars":	"win"
							}, {
								"chars":	"drawRect"
							}, 0, 0, {
								"chars":	"WIDTH"
							}, {
								"chars":	"HEIGHT"
							}, 2, {
								"chars":	"GRAY"
							}, {
								"chars":	"win"
							}, {
								"chars":	"drawRect"
							}, 0, {
								"chars":	"HEIGHT"
							}, 2, {
								"chars":	"WIDTH"
							}, {
								"chars":	"HEIGHT"
							}, 2, {
								"chars":	"BLACK"
							}, {
								"chars":	"cast_rays"
							}, {
								"chars":	"showEditor"
							}, {
								"chars":	"draw_editor"
							}, {
								"chars":	"win"
							}, {
								"chars":	"update"
							}, {
								"chars":	"tick"
							}]
					}
				}, {
					"chars":	"FPS"
				}, 60, {
					"chars":	"FRAME_TIME"
				}, 1000, {
					"chars":	"FPS"
				}, {
					"chars":	"last_tick"
				}, {
					"chars":	"clock"
				}, {
					"chars":	"tick"
				}, {
					"type":	"ObjFunction",
					"name":	{
						"chars":	"tick"
					},
					"arity":	0,
					"upvalueCount":	0,
					"chunk":	{
						"count":	83,
						"capacity":	128,
						"code":	[19, 0, 0, 0, 26, 0, 21, 1, 19, 0, 0, 1, 4, 0, 0, 0, 2, 5, 21, 2, 19, 0, 0, 3, 13, 23, 0, 37, 17, 19, 0, 0, 4, 19, 0, 0, 5, 21, 2, 4, 26, 1, 17, 19, 0, 0, 6, 26, 0, 22, 1, 17, 21, 1, 19, 0, 0, 7, 4, 22, 2, 17, 24, 0, 1, 17, 21, 1, 20, 0, 0, 8, 17, 21, 2, 0, 0, 0, 9, 6, 1, 7, 1],
						"lines":	[237, 237, 237, 237, 237, 237, 238, 238, 238, 238, 238, 238, 238, 238, 238, 238, 238, 238, 240, 240, 240, 240, 240, 240, 240, 240, 240, 240, 240, 241, 241, 241, 241, 241, 241, 241, 241, 241, 241, 241, 241, 241, 241, 242, 242, 242, 242, 242, 242, 242, 242, 242, 243, 243, 243, 243, 243, 243, 243, 243, 243, 243, 244, 244, 244, 244, 246, 246, 246, 246, 246, 246, 246, 247, 247, 247, 247, 247, 247, 247, 247, 248, 248],
						"constants":	[{
								"chars":	"clock"
							}, {
								"chars":	"last_tick"
							}, 1000, {
								"chars":	"FRAME_TIME"
							}, {
								"chars":	"sleep"
							}, {
								"chars":	"FRAME_TIME"
							}, {
								"chars":	"clock"
							}, {
								"chars":	"last_tick"
							}, {
								"chars":	"last_tick"
							}, 1000]
					}
				}, {
					"chars":	"main"
				}]
		}
	}]